0
1.875
3.75
5.625
7.5
9.375
11.25
13.125
15
16.875
18.75
20.625
22.5
24.375
26.25
28.125
30
31.875
33.75
35.625
37.5
39.375
41.25
43.125
45
46.875
48.75
50.625
52.5
54.375
56.25
58.125
60
61.875
63.75
65.625
67.5
69.375
71.25
73.125
75
76.875
78.75
80.625
82.5
84.375
86.25
88.125
90
91.875
93.75
95.625
97.5
99.375
101.25
103.125
105
106.875
108.75
110.625
112.5
114.375
116.25
118.125
120
121.875
123.75
125.625
127.5
129.375
131.25
133.125
135
136.875
138.75
140.625
142.5
144.375
146.25
148.125
150
151.875
153.75
155.625
157.5
159.375
161.25
163.125
165
166.875
168.75
170.625
172.5
174.375
176.25
178.125
180
181.875
183.75
185.625
187.5
189.375
191.25
193.125
195
196.875
198.75
200.625
202.5
204.375
206.25
208.125
210
211.875
213.75
215.625
217.5
219.375
221.25
223.125
225
226.875
228.75
230.625
232.5
234.375
236.25
238.125
240
241.875
243.75
245.625
247.5
249.375
251.25
253.125
255
256.875
258.75
260.625
262.5
264.375
266.25
268.125
270
271.875
273.75
275.625
277.5
279.375
281.25
283.125
285
286.875
288.75
290.625
292.5
294.375
296.25
298.125
300
301.875
303.75
305.625
307.5
309.375
311.25
313.125
315
316.875
318.75
320.625
322.5
324.375
326.25
328.125
330
331.875
333.75
335.625
337.5
339.375
341.25
343.125
345
346.875
348.75
350.625
352.5
354.375
356.25
358.125
